  3.5943800e+003  3.5634100e+003  3.5962600e+003  3.6014100e+003
  3.5891100e+003  3.5603500e+003  3.5919400e+003  3.5986300e+003
  3.5844900e+003  3.5574200e+003  3.5892200e+003  3.5978500e+003
  3.5830200e+003  3.5575200e+003  3.5899400e+003  3.5997500e+003
  3.5847000e+003  3.5716000e+003  3.5982700e+003  3.6046800e+003
  3.5870100e+003  3.5980600e+003  3.6093600e+003  3.6109400e+003
  3.5830700e+003  3.6077300e+003  3.6087900e+003  3.6094700e+003
  3.5758500e+003  3.6049600e+003  3.6049300e+003  3.6055600e+003
  3.5710700e+003  3.6022000e+003  3.6020800e+003  3.6022700e+003
  3.5707000e+003  3.6023100e+003  3.6061200e+003  3.6012700e+003
  3.5696900e+003  3.6026500e+003  3.6074600e+003  3.5997100e+003
  3.5657300e+003  3.6001400e+003  3.6049600e+003  3.5967900e+003
